
4017354233
1030551327
1147525322
3498592496
2214763255
2841755346
22679498
4265293887
2341940451
3620479165
2573765824
1989906281
3882631940
2281125515
3279528550
589450066
555137133
706053609
1329745950
1964830053
3855481813
1290692518
1525841028
1792227991
3890151361
279291007
573559355
4276834447
2480537302
1628587282
4183701196
2125071691
202768403
3265980386
166230534
3858935022
672760962
3789485719
2961226401
2063219890
2676359251
3442079197
2547385419
1516188518
1423152092
3366735129
2796828315
3561694613
226243403
3783051287
2719944390
1175832644
1476984721
449981091
1620108926
1056472667
2032388619
2426249926
692570682
2003720004
2698364888
105300025
164911319
2750181803
1990460869
1010262604
3360478878
4252876645
3456369079
481958017
3708787001
2720476097
4263457409
1038986479
251310417
754484828
3797454537
1900047434
151176608
2551617877
3035495574
2707465538
1281538988
4222704785
2854998452
702653457
639993803
2492772454
2804571679
3212297453
1643205708
3306365436
3073146528
3169951593
1932576434
987320037
868586775
295216249
1065854997
3491439453
2120077709